166 [0, 95]
160 [1, 86]
171 [2]
82 [3, 24]
156 [4]
172 [5]
191 [6, 61, 78]
32 [7]
143 [8, 13]
170 [9]
41 [10, 19, 74, 97]
44 [11]
105 [12]
35 [14, 68, 99]
164 [15]
13 [16]
141 [17]
157 [18]
188 [20]
20 [21]
72 [22]
187 [23]
95 [25]
132 [26]
115 [27]
23 [28, 48]
75 [29]
162 [30, 33]
119 [31]
110 [32]
10 [34]
88 [35]
81 [36]
112 [37, 96]
33 [38, 53]
98 [39]
196 [40]
100 [41, 85]
122 [42]
97 [43]
78 [44]
50 [45, 80]
38 [46, 66, 70]
29 [47]
129 [49]
11 [50, 73]
183 [51]
149 [52]
80 [54]
76 [55]
140 [56]
67 [57, 82]
200 [58]
137 [59]
68 [60]
117 [62]
114 [63, 89]
121 [64]
158 [65]
179 [67]
159 [69]
120 [71, 93]
96 [72]
64 [75, 79]
135 [76]
26 [77]
182 [81]
77 [83]
74 [84]
45 [87]
101 [88]
184 [90]
90 [91]
37 [92]
180 [94]
63 [98]
