89 [0, 63]
120 [1]
51 [2]
133 [3]
18 [4]
21 [5, 12, 64]
64 [6, 82]
15 [7]
107 [8, 91]
176 [9]
168 [10]
124 [11]
96 [13]
77 [14]
129 [15, 17]
138 [16]
71 [18]
22 [19, 70]
82 [20]
17 [21]
92 [22]
125 [23, 39]
38 [24]
70 [25]
199 [26]
11 [27, 75]
171 [28]
177 [29, 97]
150 [30]
47 [31]
81 [32]
164 [33, 42]
191 [34]
65 [35, 85]
90 [36]
167 [37, 80]
12 [38]
62 [40]
134 [41]
97 [43, 89]
152 [44]
174 [45]
154 [46]
26 [47, 95]
16 [48]
67 [49]
101 [50]
84 [51]
73 [52]
147 [53]
39 [54]
181 [55, 93]
197 [56, 60]
69 [57, 66, 73]
104 [58]
196 [59, 76]
91 [61]
144 [62]
161 [65]
78 [67]
156 [68]
116 [69]
140 [71]
136 [72]
40 [74]
99 [77]
87 [78]
185 [79]
115 [81]
105 [83]
48 [84]
195 [86]
155 [87]
86 [88]
13 [90]
53 [92]
76 [94]
24 [96]
25 [98]
200 [99]
